Open the .c file with Devc++ then compile and run it.

If you want to get the testing result in the table, input the following sample:
1
100
100000000
1
500
100000000
1
1000
100000000
1
2000
100000000
1
4000
100000000
1
6000
100000000
1
8000
50000000
1
10000
50000000
2
100
50000000
2
500
50000000
2
1000
50000000
2
2000
50000000
2
4000
50000000
2
6000
50000000
2
8000
50000000
2
10000
50000000
3
100
10000000
3
500
5000000
3
1000
1000000
3
2000
1000000
3
4000
1000000
3
6000
500000
3
8000
500000
3
10000
100000
4
100
10000000
4
500
1000000
4
1000
500000
4
2000
500000
4
4000
100000
4
6000
100000
4
8000
100000
4
10000
100000
0
